MAE : 0.352605
RMSE : 0.435004
R2 : -149.768021